	coef	exp(coef)	se(coef)	z	p	lower	0.95	upper	0.95	
ENSG00000004975.10	0.1102	1.1166	0.2738	0.4026	0.6872	-0.4265	0.6469	
ENSG00000010404.16	-0.0677	0.9345	0.2287	-0.2959	0.7673	-0.5160	0.3806	
ENSG00000016391.9	-0.1717	0.8423	0.0656	-2.6152	0.0089	-0.3003	-0.0430	**
ENSG00000016490.14	-0.1596	0.8525	0.1536	-1.0388	0.2989	-0.4606	0.1415	
ENSG00000042980.11	0.0385	1.0393	0.1416	0.2720	0.7856	-0.2389	0.3160	
ENSG00000049249.7	-0.2368	0.7892	0.0902	-2.6255	0.0087	-0.4135	-0.0600	**
ENSG00000052126.13	-0.0454	0.9556	0.1124	-0.4041	0.6861	-0.2657	0.1749	
ENSG00000057019.14	-0.2153	0.8063	0.1335	-1.6122	0.1069	-0.4770	0.0464	
ENSG00000064115.9	-0.0273	0.9731	0.1784	-0.1528	0.8786	-0.3770	0.3225	
ENSG00000065615.12	-0.0894	0.9145	0.2007	-0.4452	0.6562	-0.4827	0.3040	
ENSG00000068985.4	-0.0262	0.9741	0.0504	-0.5204	0.6028	-0.1250	0.0726	
ENSG00000074201.7	0.2984	1.3477	0.1783	1.6731	0.0943	-0.0512	0.6479	.
ENSG00000075651.14	0.1817	1.1993	0.1357	1.3386	0.1807	-0.0843	0.4477	
ENSG00000083290.18	-0.1925	0.8249	0.1584	-1.2157	0.2241	-0.5030	0.1179	
ENSG00000084093.14	-0.9872	0.3726	0.3339	-2.9568	0.0031	-1.6415	-0.3328	**
ENSG00000086544.2	-0.1892	0.8276	0.2501	-0.7564	0.4494	-0.6795	0.3011	
ENSG00000087116.12	0.0845	1.0881	0.0971	0.8696	0.3845	-0.1059	0.2748	
ENSG00000088367.19	0.1965	1.2171	0.1176	1.6711	0.0947	-0.0340	0.4269	.
ENSG00000088682.12	0.4078	1.5035	0.2176	1.8739	0.0609	-0.0187	0.8343	.
ENSG00000100077.13	0.0958	1.1006	0.0946	1.0133	0.3109	-0.0895	0.2812	
ENSG00000100167.18	-0.0431	0.9578	0.0627	-0.6876	0.4917	-0.1659	0.0797	
ENSG00000101310.13	0.4094	1.5059	0.2943	1.3911	0.1642	-0.1674	0.9862	
ENSG00000104047.13	0.2364	1.2667	0.2147	1.1012	0.2708	-0.1844	0.6572	
ENSG00000104133.13	0.1691	1.1843	0.2820	0.5996	0.5488	-0.3837	0.7219	
ENSG00000105137.11	0.5780	1.7825	0.1852	3.1212	0.0018	0.2151	0.9410	**
ENSG00000105383.13	-0.2895	0.7486	0.1181	-2.4508	0.0143	-0.5210	-0.0580	*
ENSG00000106538.8	-0.0786	0.9244	0.0941	-0.8350	0.4037	-0.2630	0.1058	
ENSG00000108242.11	0.1139	1.1206	0.1001	1.1376	0.2553	-0.0823	0.3101	
ENSG00000109099.12	0.0443	1.0453	0.1545	0.2866	0.7744	-0.2585	0.3470	
ENSG00000109181.10	0.1123	1.1188	0.1743	0.6440	0.5196	-0.2294	0.4539	
ENSG00000113407.12	-0.1183	0.8885	0.2110	-0.5603	0.5753	-0.5319	0.2954	
ENSG00000115216.12	-0.2198	0.8027	0.2518	-0.8728	0.3828	-0.7134	0.2738	
ENSG00000118518.14	-0.4815	0.6178	0.2477	-1.9438	0.0519	-0.9670	0.0040	.
ENSG00000120458.8	-0.2727	0.7613	0.1990	-1.3703	0.1706	-0.6628	0.1174	
ENSG00000121741.15	0.3072	1.3597	0.2374	1.2942	0.1956	-0.1580	0.7725	
ENSG00000124098.9	0.1488	1.1605	0.1526	0.9754	0.3294	-0.1502	0.4479	
ENSG00000124104.17	-0.3397	0.7120	0.2430	-1.3980	0.1621	-0.8160	0.1366	
ENSG00000124140.11	-0.0451	0.9559	0.0791	-0.5703	0.5685	-0.2002	0.1100	
ENSG00000124422.10	0.3850	1.4697	0.2693	1.4297	0.1528	-0.1428	0.9129	
ENSG00000124875.8	-0.0330	0.9675	0.0544	-0.6073	0.5437	-0.1396	0.0736	
ENSG00000125779.20	-0.5493	0.5773	0.3382	-1.6244	0.1043	-1.2121	0.1135	
ENSG00000125995.14	0.3128	1.3672	0.2687	1.1641	0.2444	-0.2138	0.8394	
ENSG00000126231.12	0.1194	1.1269	0.0902	1.3243	0.1854	-0.0573	0.2962	
ENSG00000129128.11	0.0311	1.0316	0.2634	0.1182	0.9059	-0.4850	0.5473	
ENSG00000129353.13	-0.1163	0.8902	0.1565	-0.7433	0.4573	-0.4231	0.1904	
ENSG00000129450.7	-0.0718	0.9307	0.1664	-0.4317	0.6659	-0.3979	0.2543	
ENSG00000129451.10	-0.0139	0.9862	0.0737	-0.1882	0.8507	-0.1582	0.1305	
ENSG00000131738.8	-0.0408	0.9600	0.1116	-0.3655	0.7147	-0.2596	0.1780	
ENSG00000132155.10	-0.2464	0.7816	0.3042	-0.8100	0.4180	-0.8425	0.3498	
ENSG00000132694.17	-0.1741	0.8402	0.2233	-0.7795	0.4357	-0.6118	0.2636	
ENSG00000133475.15	0.1751	1.1914	0.1270	1.3789	0.1679	-0.0738	0.4241	
ENSG00000134755.13	0.3742	1.4538	0.1173	3.1906	0.0014	0.1443	0.6041	**
ENSG00000134759.12	-0.0982	0.9064	0.2580	-0.3808	0.7034	-0.6039	0.4074	
ENSG00000134760.5	0.0664	1.0687	0.0774	0.8582	0.3908	-0.0853	0.2182	
ENSG00000134762.15	-0.0103	0.9898	0.0750	-0.1372	0.8909	-0.1573	0.1367	
ENSG00000136153.18	0.2883	1.3341	0.1215	2.3725	0.0177	0.0501	0.5264	*
ENSG00000136682.13	-0.0976	0.9070	0.2596	-0.3761	0.7069	-0.6065	0.4112	
ENSG00000136694.8	0.0954	1.1001	0.1033	0.9236	0.3557	-0.1070	0.2978	
ENSG00000137434.10	0.1083	1.1144	0.1050	1.0319	0.3021	-0.0974	0.3141	
ENSG00000137642.11	-0.0077	0.9924	0.0738	-0.1039	0.9173	-0.1523	0.1370	
ENSG00000137693.12	0.0922	1.0966	0.1806	0.5105	0.6097	-0.2618	0.4462	
ENSG00000137707.12	0.1977	1.2186	0.0943	2.0975	0.0360	0.0130	0.3824	*
ENSG00000137968.15	-0.0298	0.9706	0.0509	-0.5855	0.5582	-0.1296	0.0700	
ENSG00000138246.14	-0.1252	0.8823	0.1881	-0.6655	0.5057	-0.4939	0.2435	
ENSG00000140199.10	0.2096	1.2332	0.2257	0.9288	0.3530	-0.2327	0.6519	
ENSG00000140274.12	-0.1599	0.8522	0.0982	-1.6280	0.1035	-0.3524	0.0326	
ENSG00000141577.12	0.2126	1.2368	0.1970	1.0790	0.2806	-0.1735	0.5987	
ENSG00000142252.9	-0.4447	0.6410	0.2800	-1.5883	0.1122	-0.9935	0.1041	
ENSG00000142621.18	-0.2042	0.8153	0.0684	-2.9872	0.0028	-0.3382	-0.0702	**
ENSG00000143515.15	0.0196	1.0198	0.2009	0.0977	0.9222	-0.3741	0.4133	
ENSG00000143520.6	0.0313	1.0318	0.0809	0.3876	0.6983	-0.1271	0.1898	
ENSG00000143554.12	-0.0649	0.9371	0.0825	-0.7872	0.4311	-0.2265	0.0967	
ENSG00000144451.17	0.0316	1.0321	0.0753	0.4201	0.6744	-0.1160	0.1793	
ENSG00000145920.13	-0.0686	0.9337	0.0935	-0.7338	0.4631	-0.2518	0.1146	
ENSG00000147669.9	0.7135	2.0412	0.2902	2.4591	0.0139	0.1448	1.2822	*
ENSG00000147687.15	-0.8205	0.4402	0.2442	-3.3594	0.0008	-1.2992	-0.3418	***
ENSG00000148344.10	-0.0289	0.9715	0.0714	-0.4047	0.6857	-0.1688	0.1111	
ENSG00000153292.14	-0.0347	0.9659	0.0807	-0.4305	0.6669	-0.1929	0.1234	
ENSG00000153790.10	-0.4512	0.6368	0.1707	-2.6442	0.0082	-0.7857	-0.1168	**
ENSG00000154222.13	-0.0722	0.9303	0.2879	-0.2508	0.8020	-0.6366	0.4921	
ENSG00000156453.12	-0.2236	0.7996	0.1096	-2.0397	0.0414	-0.4385	-0.0087	*
ENSG00000158050.4	-0.0265	0.9739	0.1061	-0.2496	0.8029	-0.2344	0.1814	
ENSG00000158122.10	0.0348	1.0354	0.2085	0.1667	0.8676	-0.3739	0.4434	
ENSG00000158773.13	0.3008	1.3509	0.3369	0.8927	0.3720	-0.3596	0.9611	
ENSG00000159335.14	0.2364	1.2667	0.2095	1.1281	0.2593	-0.1743	0.6471	
ENSG00000159450.11	0.1893	1.2085	0.0794	2.3858	0.0170	0.0338	0.3449	*
ENSG00000159496.13	0.2084	1.2317	0.1511	1.3791	0.1679	-0.0878	0.5046	
ENSG00000159516.8	-0.1797	0.8355	0.0883	-2.0350	0.0419	-0.3529	-0.0066	*
ENSG00000161791.12	0.6949	2.0034	0.2211	3.1433	0.0017	0.2616	1.1281	**
ENSG00000162068.1	0.0432	1.0441	0.0949	0.4553	0.6489	-0.1427	0.2291	
ENSG00000162365.10	-0.3302	0.7188	0.1794	-1.8399	0.0658	-0.6818	0.0215	.
ENSG00000163191.5	0.4044	1.4984	0.2388	1.6935	0.0904	-0.0636	0.8724	.
ENSG00000163206.5	0.0573	1.0590	0.1053	0.5445	0.5861	-0.1490	0.2636	
ENSG00000163207.6	-0.1042	0.9010	0.1060	-0.9831	0.3255	-0.3121	0.1036	
ENSG00000163214.19	0.0808	1.0841	0.2933	0.2754	0.7830	-0.4940	0.6556	
ENSG00000163217.1	0.0497	1.0510	0.2417	0.2057	0.8370	-0.4240	0.5234	
ENSG00000163431.12	-0.1143	0.8919	0.1259	-0.9083	0.3637	-0.3611	0.1324	
ENSG00000164366.3	0.3669	1.4432	0.2196	1.6709	0.0947	-0.0635	0.7972	.
ENSG00000164694.15	0.0636	1.0656	0.0763	0.8331	0.4048	-0.0860	0.2131	
ENSG00000164823.8	0.0439	1.0449	0.2223	0.1977	0.8433	-0.3917	0.4796	
ENSG00000164853.8	-0.2563	0.7739	0.1823	-1.4059	0.1598	-0.6135	0.1010	
ENSG00000165792.16	0.1222	1.1300	0.2830	0.4317	0.6660	-0.4326	0.6770	
ENSG00000165795.19	-0.0138	0.9863	0.1219	-0.1129	0.9101	-0.2528	0.2252	
ENSG00000165949.11	-0.2301	0.7945	0.0602	-3.8202	0.0001	-0.3481	-0.1120	***
ENSG00000166181.11	0.2559	1.2916	0.2791	0.9169	0.3592	-0.2911	0.8029	
ENSG00000166394.13	0.0401	1.0410	0.0593	0.6772	0.4983	-0.0760	0.1563	
ENSG00000166532.14	0.2858	1.3309	0.1393	2.0524	0.0401	0.0129	0.5588	*
ENSG00000166669.12	0.2193	1.2452	0.0631	3.4758	0.0005	0.0957	0.3430	***
ENSG00000166866.11	0.2029	1.2250	0.1133	1.7912	0.0733	-0.0191	0.4250	.
ENSG00000167642.11	-0.0925	0.9116	0.1783	-0.5188	0.6039	-0.4420	0.2570	
ENSG00000167654.16	-0.0431	0.9579	0.0661	-0.6513	0.5149	-0.1726	0.0865	
ENSG00000167740.8	-0.4005	0.6700	0.1944	-2.0604	0.0394	-0.7814	-0.0195	*
ENSG00000167751.11	0.0112	1.0113	0.0465	0.2407	0.8098	-0.0800	0.1024	
ENSG00000167754.11	-0.0964	0.9081	0.0896	-1.0759	0.2820	-0.2719	0.0792	
ENSG00000167755.12	-0.0232	0